acc = 0.72094
eval_loss = 0.6251771206758461
global_step = 2360
loss = 0.5204905486207897
