acc = 0.7195
eval_loss = 0.6274295765526441
global_step = 2360
loss = 0.5243061068704573
